1948 3.54665719007 0.21924850278
1949 3.51446395525 0.18705526796
1942 3.58616951485 0.25876082756
1943 3.36026704195 0.03285835466
1940 3.54483413247 0.21742544518
1941 3.59253639519 0.2651277079
1946 3.53641567993 0.20900699264
1947 3.49838836851 0.17097968122
1944 3.47897573106 0.15156704377
1945 3.50655491517 0.17914622788
1955 3.53418225243 0.20677356514
1954 3.38049671085 0.05308802356
1957 3.37703290843 0.04962422114
1956 3.39784971702 0.07044102973
1951 3.46065090787 0.13324222058
1950 3.48884650293 0.16143781564
1953 3.41021016585 0.08280147856
1952 3.46984088961 0.14243220232
1959 3.31775207102 -0.00965661627
1958 3.44170955147 0.11430086418
1920 3.32442103119 -0.0029876561
1921 3.2251004483 -0.10230823899
1922 3.28750510724 -0.03990358005
1923 3.41456397878 0.08715529149
1924 3.35995137249 0.0325426852
1925 3.41487062134 0.08746193405
1926 3.31888556475 -0.00852312254
1927 3.38859167184 0.06118298455
1928 3.15319680231 -0.17421188498
1929 3.41078192583 0.08337323854
1933 3.21917028334 -0.10823840395
1932 3.44064954653 0.11324085924
1931 3.60883662792 0.28142794063
1930 3.23032948108 -0.09707920621
1937 3.43196584129 0.104557154
1936 3.47288781014 0.14547912285
1935 3.55750234843 0.23009366114
1934 3.48250842559 0.1550997383
1939 3.54845245258 0.22104376529
1938 3.61031296969 0.2829042824
1909 2.78899082569 -0.5384178616
1986 3.24433976927 -0.08306891802
1987 3.26131228292 -0.06609640437
1984 3.31379236569 -0.0136163216
1985 3.32360523227 -0.00380345502
1982 3.2830157415 -0.04439294579
1983 3.239474435 -0.08793425229
1980 3.20843274122 -0.11897594607
1981 3.22599688164 -0.10141180565
1988 3.22823950082 -0.09916918647
1989 3.22246700327 -0.10494168402
1919 2.94777770927 -0.37963097802
1918 3.2544647098 -0.07294397749
1915 3.2359391717 -0.09146951559
1914 3.01623376624 -0.31117492105
1917 3.32801021654 0.00060152925
1916 3.43125480334 0.10384611605
1991 3.2763348529 -0.05107383439
1990 3.26691522023 -0.06049346706
1993 3.28687762793 -0.04053105936
1992 3.29339483398 -0.03401385331
1995 3.27430522431 -0.05310346298
1994 3.24421207071 -0.08319661658
1997 3.18562795108 -0.14178073621
1996 3.19341222745 -0.13399645984
1999 3.12601951383 -0.20138917346
1998 3.12874926473 -0.19865942256
1896 3.67763157895 0.35022289166
NULL 2.74262033551 -0.58478835178
1968 3.35319177173 0.02578308444
1969 3.14601132899 -0.1813973583
1964 3.52391756167 0.19650887438
1965 3.34146918844 0.01406050115
1966 3.35805756593 0.03064887864
1967 3.31473998128 -0.01266870601
1960 3.4212483372 0.09383964991
1961 3.54252918708 0.21512049979
1962 3.48663513973 0.15922645244
1963 3.42471759622 0.09730890893
1979 3.3149336877 -0.01247499959
1978 3.29725324978 -0.03015543751
1977 3.28393593141 -0.04347275588
1976 3.18891528826 -0.13849339903
1975 3.2901644827 -0.03724420459
1974 3.22061335049 -0.1067953368
1973 3.29265337485 -0.03475531244
1972 3.26003438086 -0.06737430643
1971 3.19503757042 -0.13237111687
1970 3.20255128732 -0.12485739997
2002 3.14386429742 -0.18354438987
2003 3.23438770174 -0.09302098555
2000 3.08191849578 -0.24549019151
2001 3.12667434182 -0.20073434547
2004 3.23097495393 -0.09643373336
2005 3.23362846955 -0.09378021774
